0
0
0
0
0
0
0
0
0
0
0
0
0
0
0
0
0
0
0
0
0
0
0
0
0
0
0
0
0
0
0
0
0
0
0
0
0
0
0
1
0
0
0
0
0
0
0
0
0
0
0
0
0
0
0
1
0
0
1
2
1
0
0
0
0
0
0
1
0
0
0
2
0
1
0
1
0
1
0
0
1
0
1
2
1
0
1
0
1
1
2
1
1
0
2
4
4
5
1
3
2
6
4
3
2
4
5
6
6
3
4
5
13
9
18
10
24
25
38
31
37
69
70
101
167
276
506
1580
47227
1799
511
284
162
141
81
51
60
37
27
23
21
16
10
10
9
9
10
10
11
2
5
4
1
4
4
1
3
0
2
2
1
2
0
1
1
1
2
0
0
0
0
0
0
0
0
0
0
0
0
0
0
0
0
0
0
0
0
0
0
0
0
0
0
0
0
0
0
0
0
0
0
0
0
0
0
0
0
0
0
0
0
0
0
0
0
0
0
0
0
0
0
0
0
0
0
1
0
0
0
0
0
0
0
0
0
0
0
0
0
0
0
0
0
0
0
0
0
0
0
0
0
0
0
0
0
